xflr5 v6.61

Plane name :        NACA 4418_v9_9
Polar name :        T1-11.0 m/s-VLM1
Freestream speed :  11.000 m/s


   alpha      Beta       CL          CDi        CDv        CD         CY         Cl         Cm         Cn        Cni       QInf        XCP
  -11.000     0.000  -0.547759   0.014916   0.035165   0.050080  -0.000000   0.000000   0.039100   0.000000   0.000000   11.0000     0.0865
  -10.000     0.000  -0.456995   0.011131   0.031769   0.042899  -0.000000   0.000000   0.034450   0.000000   0.000000   11.0000     0.0871
   -9.000     0.000  -0.365853   0.007960   0.029099   0.037058  -0.000000   0.000000   0.029660   0.000000   0.000000   11.0000     0.0879
   -8.000     0.000  -0.274394   0.005415   0.026958   0.032373  -0.000000   0.000000   0.024669   0.000000   0.000000   11.0000     0.0895
   -7.000     0.000  -0.182678   0.003507   0.024813   0.028320  -0.000000   0.000000   0.019477  -0.000000   0.000000   11.0000     0.0927
   -6.000     0.000  -0.090767   0.002245   0.022871   0.025116  -0.000000   0.000000   0.014082  -0.000000   0.000000   11.0000     0.1025
   -5.000     0.000   0.001277   0.001635   0.021570   0.023205  -0.000000   0.000000   0.008671  -0.000000   0.000000   11.0000    -1.3108
   -4.000     0.000   0.093392   0.001683   0.020492   0.022175  -0.000000   0.000000   0.003114  -0.000000   0.000000   11.0000     0.0638
   -3.000     0.000   0.185514   0.002390   0.019587   0.021977  -0.000000  -0.000000  -0.002626  -0.000000   0.000000   11.0000     0.0732
   -2.000     0.000   0.277582   0.003759   0.018625   0.022384  -0.000000  -0.000000  -0.008552  -0.000000   0.000000   11.0000     0.0764
   -1.000     0.000   0.369532   0.005787   0.017920   0.023708  -0.000000   0.000000  -0.014649  -0.000000   0.000000   11.0000     0.0780
    0.000     0.000   0.461302   0.008472   0.018055   0.026527  -0.000000   0.000000  -0.020901  -0.000000   0.000000   11.0000     0.0790
    1.000     0.000   0.552830   0.011808   0.018358   0.030165  -0.000000  -0.000000  -0.027305  -0.000000   0.000000   11.0000     0.0797
    2.000     0.000   0.644054   0.015787   0.018581   0.034369  -0.000000  -0.000000  -0.033860  -0.000000   0.000000   11.0000     0.0802
    3.000     0.000   0.734912   0.020402   0.018839   0.039241   0.000000   0.000000  -0.040546  -0.000000  -0.000000   11.0000     0.0806
    4.000     0.000   0.825344   0.025640   0.019498   0.045138   0.000000  -0.000000  -0.047348  -0.000000  -0.000000   11.0000     0.0809
    5.000     0.000   0.915289   0.031488   0.020404   0.051893   0.000000  -0.000000  -0.054263  -0.000000  -0.000000   11.0000     0.0812
    6.000     0.000   1.004687   0.037932   0.021441   0.059373   0.000000  -0.000000  -0.061287  -0.000000  -0.000000   11.0000     0.0814
    7.000     0.000   1.093481   0.044955   0.022527   0.067482   0.000000  -0.000000  -0.068412  -0.000000  -0.000000   11.0000     0.0817
    8.000     0.000   1.181612   0.052538   0.023690   0.076228   0.000000  -0.000000  -0.075633  -0.000000  -0.000000   11.0000     0.0819
    9.000     0.000   1.269025   0.060661   0.024929   0.085590   0.000000  -0.000000  -0.082941  -0.000000  -0.000000   11.0000     0.0821
   10.000     0.000   1.355663   0.069302   0.026305   0.095607   0.000000   0.000000  -0.090326  -0.000000  -0.000000   11.0000     0.0823
   11.000     0.000   1.441474   0.078436   0.028713   0.107149   0.000000  -0.000000  -0.097757  -0.000000  -0.000000   11.0000     0.0825


